[89, 43, 64, 70, 80, 52, 22, 82, 10, 11, 16, 4, 68, 83, 74, 34, 42, 77, 71, 90, 40, 62, 44, 88, 56, 25, 20, 96, 28, 6, 37, 60, 23, 32, 2, 87, 55, 15, 65, 57, 7, 1, 72, 12, 33, 21, 36, 13, 41, 84, 51, 39, 97, 95, 27, 92, 79, 35, 3, 98, 75, 0, 49, 30, 9, 73, 26, 24, 99, 59, 91, 94, 86, 38, 14, 53, 63, 69, 29, 47, 19, 58, 17, 76, 18, 31, 66, 85, 48, 67, 93, 61, 5, 81, 50, 8, 46, 45, 54, 78]
9341.28387292454

[28, 27, 24, 63, 91, 62, 16, 69, 54, 55, 51, 68, 97, 82, 41, 20, 90, 83, 95, 29, 67, 5, 73, 70, 94, 4, 75, 12, 61, 79, 32, 84, 77, 93, 17, 86, 15, 14, 66, 2, 8, 88, 92, 60, 34, 45, 18, 72, 59, 58, 26, 89, 43, 39, 1, 3, 30, 21, 78, 87, 76, 99, 10, 57, 52, 36, 11, 38, 50, 74, 0, 49, 42, 44, 48, 64, 25, 9, 56, 31, 96, 22, 19, 71, 35, 40, 33, 53, 65, 98, 37, 23, 13, 46, 81, 7, 6, 85, 47, 80]
9645.52517824059

[89, 59, 13, 87, 58, 78, 27, 88, 46, 72, 20, 86, 1, 73, 5, 34, 28, 74, 99, 90, 25, 7, 54, 76, 69, 81, 56, 61, 68, 84, 82, 4, 41, 71, 3, 62, 91, 0, 19, 2, 16, 30, 93, 15, 33, 66, 70, 35, 24, 43, 50, 57, 60, 96, 10, 37, 18, 17, 97, 80, 40, 29, 38, 52, 39, 22, 45, 77, 26, 32, 83, 14, 75, 36, 51, 55, 42, 44, 94, 12, 23, 6, 8, 98, 11, 79, 53, 85, 67, 31, 95, 63, 92, 65, 49, 64, 21, 9, 48, 47]
9882.444024860155

[28, 27, 24, 63, 91, 62, 16, 69, 54, 55, 51, 68, 97, 82, 41, 20, 90, 83, 95, 29, 67, 5, 73, 70, 94, 4, 75, 12, 61, 79, 32, 84, 77, 93, 17, 86, 15, 14, 66, 2, 8, 88, 92, 60, 34, 45, 18, 72, 59, 58, 26, 89, 43, 39, 1, 3, 30, 21, 78, 87, 76, 99, 10, 57, 52, 36, 11, 38, 50, 74, 0, 49, 42, 44, 48, 64, 25, 9, 56, 31, 96, 22, 19, 71, 35, 40, 33, 53, 65, 98, 37, 23, 13, 46, 81, 7, 6, 85, 47, 80]
9645.52517824059

[98, 24, 32, 38, 4, 83, 64, 16, 87, 9, 97, 81, 69, 52, 0, 70, 95, 49, 61, 73, 5, 28, 86, 77, 68, 48, 37, 93, 11, 88, 62, 46, 29, 10, 3, 72, 13, 82, 31, 79, 15, 65, 21, 27, 51, 71, 50, 25, 75, 34, 42, 35, 80, 58, 67, 84, 54, 92, 90, 43, 36, 60, 41, 17, 44, 18, 63, 12, 39, 19, 78, 55, 85, 99, 53, 20, 2, 94, 66, 33, 1, 57, 96, 59, 7, 89, 14, 56, 30, 47, 76, 6, 40, 45, 23, 74, 26, 8, 22, 91]
9886.979461988236

[77, 42, 29, 44, 68, 20, 73, 13, 35, 31, 98, 48, 1, 25, 46, 62, 32, 74, 91, 82, 90, 63, 40, 83, 28, 85, 72, 43, 22, 59, 47, 96, 65, 19, 84, 38, 34, 16, 60, 3, 9, 55, 17, 95, 4, 87, 12, 8, 76, 14, 5, 67, 66, 51, 86, 33, 2, 54, 78, 80, 37, 57, 10, 27, 7, 70, 89, 99, 30, 50, 18, 61, 11, 64, 26, 45, 88, 93, 36, 23, 21, 79, 58, 52, 0, 69, 75, 49, 97, 53, 94, 39, 56, 24, 71, 81, 41, 6, 92, 15]
9980.0316997956

[71, 6, 90, 14, 78, 59, 29, 20, 87, 35, 49, 47, 80, 66, 85, 96, 51, 52, 74, 72, 50, 22, 64, 42, 36, 91, 11, 28, 4, 18, 0, 86, 97, 65, 56, 88, 23, 98, 38, 94, 81, 62, 43, 44, 63, 93, 34, 68, 27, 39, 21, 92, 9, 67, 58, 79, 48, 12, 5, 99, 10, 75, 69, 1, 33, 24, 83, 57, 32, 60, 19, 26, 77, 95, 46, 76, 17, 7, 8, 55, 82, 40, 31, 2, 13, 54, 73, 61, 15, 16, 41, 37, 45, 3, 84, 30, 89, 25, 70, 53]
10076.401871313823

[44, 55, 84, 25, 0, 60, 87, 94, 3, 47, 78, 77, 37, 16, 53, 67, 1, 95, 52, 17, 57, 27, 41, 12, 62, 49, 81, 38, 43, 58, 65, 88, 7, 46, 59, 48, 66, 45, 83, 20, 24, 21, 54, 8, 79, 56, 97, 36, 99, 26, 76, 13, 96, 33, 30, 82, 91, 70, 80, 40, 86, 2, 68, 32, 29, 85, 34, 42, 5, 98, 18, 71, 28, 22, 19, 10, 73, 75, 51, 69, 89, 74, 9, 61, 11, 14, 4, 6, 15, 92, 93, 35, 23, 39, 90, 31, 50, 64, 63, 72]
10105.833050073701

[16, 47, 21, 38, 55, 39, 97, 20, 58, 75, 71, 78, 8, 36, 90, 41, 66, 57, 49, 13, 33, 95, 53, 19, 67, 64, 3, 46, 73, 69, 48, 32, 91, 87, 28, 9, 86, 24, 63, 26, 60, 7, 43, 50, 6, 54, 96, 5, 30, 14, 23, 76, 82, 18, 77, 44, 34, 93, 42, 61, 22, 0, 85, 2, 56, 51, 65, 59, 11, 68, 25, 29, 70, 1, 10, 98, 17, 84, 83, 15, 62, 74, 99, 45, 72, 4, 81, 92, 80, 79, 89, 37, 94, 27, 52, 40, 35, 12, 31, 88]
10135.02790696838

[5, 48, 38, 45, 98, 73, 11, 34, 10, 90, 33, 3, 57, 59, 46, 76, 31, 53, 24, 55, 66, 51, 23, 18, 63, 77, 80, 87, 25, 50, 35, 58, 49, 54, 7, 99, 95, 93, 37, 91, 42, 21, 17, 70, 78, 86, 74, 68, 22, 32, 97, 69, 84, 61, 27, 67, 89, 2, 85, 72, 14, 30, 88, 20, 16, 0, 56, 15, 96, 81, 75, 12, 13, 41, 94, 44, 40, 43, 36, 8, 47, 52, 1, 29, 60, 26, 9, 92, 71, 39, 82, 65, 19, 64, 62, 6, 28, 83, 79, 4]
10144.490422028306

