[17 54 13 62 29 68  4  3 16  2 58 99 44 61 28  0 50 95  7 31 41  8 86 42
 69 34 48 11 38 37  6 71 18 60 57 92 74 51 97 10 75 32 76 83 47 49 90 66
 20 98 72 19 55 15 14 45 59 65 82 56 73 21 81 80 85 52 67 79 35 40 36 30
 91 93 25 70 26 27 87 22 89 78 53 84  1 96 39 23  5 43 24 12 77 63 33 64
  9 94 46 88]

[ 9 11 43 53 29 64 44 28 89 42 36 14 78 72  6 49 48 54 67 35 70 90  3 27
 39 33 98 94 17 45 65 69 99 85 87 13 74 52 21 24 68 19 81 55 34 16 32 62
 63 46 82 57  5 97 91 73  2 60 26 22 37 58 31  4 96 75 41 71 59  0 12 18
 86 56 76 30  1 61 66 10  7 23 88 84 38 79  8 77 25 92 80 20 15 51 50 40
 93 83 95 47]

[77 91  0 11 50  2 86  7 73 14 94 53 38 61 93 95 47 57 62 87 70 79 16 99
  4 15 71 23 24 42 10 52 18 51 22 41 26 97 76 40  9 12 58 37 29 56  3 60
  6 30 17 13 89 20 63 54 31 21 55 34 66 49 96 64 78 33 45 25 84 27 72 44
 19 32 90 68  5 74 98 36 83 81 28 35 92 82 85  1 59 65 80 88 48 39 67 69
 43 46 75  8]

[92 21 69 44 67 11  5 61 65 52 66 82 68 23 87  3 20 94 64 15 84 73 14 72
 30 58 85 22 35 60 42 33 99 45 79 62 86 51 31 78  4 56 90  8 70 57 38 77
 40 71 13  9 36  1 29 27  2 88 59 80 95 48 54 83 24 96 49 93 50 91 81  6
 43 34 89 12 76 37 26 10 98  7 55 97 63 41 32 18 47  0 25 46 75 16 39 74
 19 28 53 17]

[96 48 25 41 74 15 52 22 30 49 36 67 63 44 47  4 85 33  0 23 58 37 13 12
 88 60 11 51 32 87 72 97  1 29 80 31 10 59 91 18 79 71 43 56 76 35 57 92
 46 19 81 28 69 66 83 34 45  5 27 99 78 82 64  6 89  3 20 55 73 50 68 90
 40 53 24 61 77 98 14 70  9  8 95 86 39 65 93 54 62 84 17 26 38  2 75 94
 21 42  7 16]

[80 93  5 74 67 44 89 40 54 22 46  3 94 72 83 99 14 51 25 95 66 37 39 57
 41 47 13 86 55 21 48 90 10 20 15 34 31 38  4 75 79  7 87 97  1 36 52 30
 32 76 28  9 24 43 96 98 70 59 64 77 56 35 29 63 42 45 53 84 71 73  6 17
 49 19 88 85 68 58 18 50 26 78 33 81 23 12 16 82 62  8 92 65  0 69 11 60
 91 27  2 61]

[90 26  4 24 35 66 10 29 19 12 74 71 21 80 67 39 68 91 34  6 57 65 88 40
 31 79 62 27 94 38 83 55  7 16 56 86 42 58 64 72  2  3 45 25 63 18 37 28
 20 78 81 70 48 47 52 46 97 30 17 41 54 60 98 53 93 43  9 82  0 92 36 51
 87 33 15 49 84 99 44 85 61 14 11 13 69  8  1 22 32 50  5 59 89 23 95 96
 77 73 75 76]

[61 23 51 38 50 60 49 48 75 30 11 36 89 32 73 12 55 65 20 74 83 35  4 44
 34 27 56 46 94 72 24 19 43 16 54 77 91 79 67 42 69 15 57 41 92 26 29  8
 99 93 58  9 18 47 68 95 13 66 21 82  5 28 14 10 98 87 76 63 97 84 22 62
 85 59 86 45 17 81 71  6  1 53 70 78  2 80 39  3 64 52 33 96  7  0 31 25
 88 90 37 40]

